1 104 109 112 114 116 117 118 126 129 130 131 143 144 15 150 156 16 162 163 17 177 18 182 185 19 195 198 20 208 21 22 220 221 23 234 236 24 242 247 249 25 253 255 26 260 261 27 273 277 28 286 29 293 299 30 31 312 313 32 325 33 337 338 339 349 35 350 351 36 364 37 377 379 38 39 390 40 403 41 416 42 421 429 433 434 439 44 440 442 45 450 454 455 46 468 472 48 481 49 494 50 507 51 510 513 519 52 520 53 533 54 543 546 55 557 559 56 57 573 58 585 59 596 598 60 61 611 62 624 63 64 65 650 656 66 663 67 676 682 689 69 70 700 702 71 715 728 73 74 741 75 754 758 767 77 78 780 781 790 793 797 798 801 814 819 832 842 85 858 87 871 874 875 884 886 89 897 90 91 910 92 923 93 936 94 949 95 962 966 97 975 98 988 99
2 104 109 110 112 117 124 126 127 129 130 138 144 145 15 156 16 169 17 172 174 177 18 19 20 21 22 23 24 25 26 27 28 29 30 31 32 33 35 37 38 39 40 41 42 44 45 48 49 50 51 52 53 54 55 56 58 59 60 61 62 63 64 65 66 69 70 73 74 75 76 77 78 79 81 83 88 89 90 91 92 93 95 97 98 99
3 104 106 109 112 117 118 124 126 130 139 143 144 15 150 156 158 16 163 17 179 18 181 19 20 21 22 24 25 26 27 28 29 30 31 32 33 35 37 38 39 40 41 42 43 45 46 47 48 49 50 52 55 56 57 58 59 60 61 62 63 64 65 66 69 70 72 75 76 77 78 79 80 81 83 85 88 90 91 93 94 95 97 98 99
4 104 106 109 112 117 118 124 126 128 130 131 143 144 148 15 150 156 16 163 167 17 18 181 19 20 21 22 23 24 25 26 27 29 30 31 32 33 35 37 38 39 40 41 42 44 45 48 49 51 52 53 54 55 56 58 59 60 61 62 63 64 65 66 68 69 70 72 73 75 77 78 79 81 85 89 90 91 92 93 94 95 96 97 98 99
5 104 106 109 112 117 118 124 126 15 16 17 18 19 20 21 22 23 24 25 26 27 28 29 30 31 32 33 35 36 37 38 39 40 41 42 43 45 46 47 48 49 50 51 52 53 54 55 57 58 59 62 63 64 65 66 67 69 70 73 75 77 78 79 80 81 85 88 89 90 91 92 93 94 95 96 97 98 99
6 104 106 109 112 114 117 118 124 126 15 16 17 18 19 20 21 23 24 26 27 28 29 30 31 32 33 35 37 38 39 40 41 42 43 45 46 47 48 49 51 52 53 55 56 57 58 59 61 63 64 65 66 67 69 70 72 73 74 75 76 77 78 81 87 89 91 92 93 94 95 97 98 99
7 104 109 112 115 117 118 124 126 15 16 17 18 19 20 21 23 24 25 26 27 28 29 30 31 32 33 37 38 39 41 42 44 45 46 48 49 50 51 52 53 55 56 58 59 60 61 62 63 64 65 66 68 69 70 72 73 75 77 78 79 80 81 85 86 89 90 91 92 93 94 95 97 98 99
8 15 16 17 18 19 20 21 22 23 24 25 26 27 28 29 30 31 32 33 36 37 38 39 40 41 42 44 45 46 48 49 50 51 52 54 55 56 58 59 60 61 62 63 64 65 66 67 68 69 70 73 74 75 76 77 78 79 81 83 87 89 90
9 17 18 19 20 21 22 23 24 25 26 27 28 29 30 32 33 37 38 39 40 41 42 45 48 50 51 52 53 54 55 56 58 59 60 61 62 63 64 65 66 69 70 71 72 73 74 75 76 77 78 79 81 83 85 88 90
10 23 24 25 26 27 28 29 31 32 33 35 36 37 38 39 40 41 42 44 45
